119
0 0
3 13
3 14
2 15
2 16
1 17
2 18
2 19
0 0
14 17
13 17
12 17
11 17
11 18
10 18
9 19
9 20
8 20
7 19
6 19
5 19
4 19
3 19
2 19
0 0
21 9
21 8
20 8
19 8
18 8
17 8
16 8
15 8
14 8
13 7
0 0
14 17
15 16
15 15
16 14
15 13
16 12
15 11
15 10
14 9
14 8
13 7
0 0
3 5
4 5
5 6
5 7
5 8
4 9
4 10
3 11
3 12
3 13
0 0
22 3
22 4
21 5
21 6
20 7
21 8
21 9
0 0
14 17
15 17
16 17
17 17
18 17
19 17
20 17
21 18
21 19
0 0
21 9
21 10
20 11
20 12
19 13
19 14
19 15
20 16
20 17
21 18
21 19
0 0
13 7
12 7
12 8
11 9
11 10
10 10
9 9
8 9
8 8
7 7
7 6
6 5
5 5
4 5
3 5
0 0
13 7
14 8
15 8
16 8
17 8
18 8
19 8
20 8
20 7
21 6
21 5
22 4
22 3
0 0
