274
0 0
19 2
20 2
20 3
21 4
21 5
21 6
21 7
22 8
22 9
0 0
22 18
22 17
22 16
21 15
21 14
21 13
21 12
21 11
21 10
21 9
22 9
0 0
7 11
8 10
8 9
9 8
9 7
10 6
9 5
9 4
0 0
11 18
11 17
12 16
12 15
13 14
13 13
13 12
12 11
12 10
11 9
11 8
10 7
10 6
9 5
9 4
0 0
37 6
36 7
36 8
36 9
36 10
36 11
37 12
0 0
30 12
31 12
32 12
33 12
34 12
35 12
36 12
37 12
0 0
30 3
31 3
32 3
33 3
34 3
35 3
36 4
36 5
37 6
0 0
29 22
28 23
28 24
27 25
28 26
28 27
29 28
0 0
35 26
34 26
33 26
32 26
31 26
30 26
29 27
29 28
0 0
13 27
12 27
11 27
10 27
10 28
9 29
9 30
8 31
7 31
7 32
0 0
6 25
7 24
8 24
8 25
9 26
9 27
9 28
9 29
9 30
8 31
7 31
7 32
0 0
36 33
37 32
37 31
37 30
36 29
36 28
35 27
35 26
0 0
6 25
7 24
8 24
8 23
9 22
9 21
10 20
10 19
11 18
0 0
29 28
28 29
28 30
27 31
27 32
27 33
27 34
26 34
25 35
25 36
0 0
17 34
18 34
19 34
20 34
21 34
21 35
22 36
23 36
24 36
25 36
0 0
17 34
16 33
16 32
15 31
15 30
14 29
14 28
13 27
0 0
29 28
28 28
27 28
26 28
25 28
24 28
23 29
23 30
0 0
17 34
17 33
18 32
18 31
19 30
19 29
20 29
21 29
22 29
23 30
0 0
11 18
11 17
12 16
12 15
13 14
12 13
12 12
11 11
10 11
9 11
8 11
7 11
0 0
22 9
23 8
23 7
24 6
24 5
25 5
26 5
27 5
28 5
29 5
30 4
30 3
0 0
35 26
34 25
34 24
33 23
33 22
32 22
31 22
30 22
29 22
0 0
29 28
30 28
30 29
31 29
32 30
33 30
33 31
34 31
35 31
36 32
36 33
0 0
30 3
29 3
29 2
28 2
27 2
26 2
25 2
24 2
23 2
22 2
21 2
20 2
19 2
0 0
37 6
36 7
36 8
36 9
36 10
35 10
34 10
33 11
33 12
32 12
31 12
30 12
0 0
30 12
29 12
28 12
27 12
26 13
26 14
25 14
24 15
23 15
23 16
22 17
22 18
0 0
